sex	agedays	age	t1	t2	t3	t4	d1	d2	d3	d4
1	2531	6	2	3	2	2	0	1	0	0
1	2583	7	2	2	1	3	0	0	1	1
1	2582	7	2	2	2	2	0	0	0	0
1	2379	6	2	2	2	2	0	0	0	0
1	2408	6	2	2	2	2	0	0	0	0
1	1967	5	2	2	2	2	0	0	0	0
2	2652	7	2	2	2	2	0	0	0	0
2	2566	7	2	2	2	2	0	0	0	0
2	2444	6	2	2	2	2	0	0	0	0
2	2413	6	2	3	3	2	0	1	0	0
2	2338	6	2	2	2	2	0	0	0	0
1	2733	7	2	2	2	2	0	0	0	0
1	3304	9	2	2	2	2	0	0	0	0
1	2969	8	2	2	2	2	0	0	0	0
1	2965	8	2	2	2	2	0	0	0	0
1	2930	8	2	2	2	2	0	0	0	0
1	2778	7	2	2	2	2	0	0	0	0
1	2779	7	2	2	2	2	0	0	0	0
2	3043	8	2	2	2	2	0	0	0	0
2	2993	8	2	2	2	2	0	0	0	0
2	2814	7	2	2	2	2	0	0	0	0
2	2742	7	2	2	2	2	0	0	0	0
1	3338	9	1	3	1	3	1	1	1	1
1	3604	9	1	3	1	3	1	1	1	1
1	3453	9	2	2	2	2	0	0	0	0
1	3236	8	2	2	2	2	0	0	0	0
2	3260	8	2	2	2	2	0	0	0	0
2	3189	8	1	3	1	3	1	1	1	1
1	3875	10	2	3	2	2	0	1	0	0
1	3532	9	2	2	2	2	0	0	0	0
1	3726	10	2	2	2	2	0	0	0	0
1	3548	9	1	3	1	3	1	1	1	1
1	3618	9	1	3	1	3	1	1	1	1
1	3588	9	2	2	2	2	0	0	0	0
1	3895	10	1	3	1	3	1	1	1	1
1	3669	10	1	3	1	3	1	1	1	1
2	3673	10	1	3	1	3	1	1	1	1
2	3447	9	1	3	1	3	1	1	1	1
2	3650	9	2	2	3	2	0	0	0	0
2	3494	9	1	3	2	3	1	1	0	1
2	3479	9	2	2	2	2	0	0	0	0
2	3522	9	1	3	1	3	1	1	1	1
2	3542	9	1	3	1	3	1	1	1	1
2	4058	11	1	3	1	3	1	1	1	1
2	3644	9	1	2	2	3	1	0	0	1
2	3663	10	2	2	2	2	0	0	0	0
2	3645	9	2	2	2	2	0	0	0	0
2	3690	10	1	2	1	3	1	0	1	1
1	4060	11	1	3	2	2	1	1	0	0
1	3999	10	2	2	2	2	0	0	0	0
1	3966	10	1	3	1	3	1	1	1	1
2	3934	10	1	3	1	3	1	1	1	1
2	4312	11	2	2	2	2	0	0	0	0
2	3968	10	1	2	1	3	1	0	1	1
2	3825	10	1	3	1	3	1	1	1	1
2	3947	10	2	2	2	2	0	0	0	0
1	4834	13	1	3	1	3	1	1	1	1
1	4379	11	1	3	1	3	1	1	1	1
1	4763	13	1	3	1	3	1	1	1	1
1	4502	12	1	2	1	2	1	0	1	0
1	4333	11	1	3	3	3	1	1	0	1
1	4725	12	1	3	1	3	1	1	1	1
1	4211	11	2	3	2	2	0	1	0	0
2	4171	11	1	3	1	3	1	1	1	1
2	4512	12	1	2	2	2	1	0	0	0
1	2929	8	2	2	2	2	0	0	0	0
1	2990	8	2	2	2	2	0	0	0	0
1	2866	7	2	2	2	2	0	0	0	0
1	3069	8	2	2	2	2	0	0	0	0
1	2799	7	2	2	2	2	0	0	0	0
1	3026	8	2	3	1	3	0	1	1	1
1	3039	8	3	3	3	3	0	1	0	1
1	2851	7	2	3	3	3	0	1	0	1
1	2578	7	2	2	2	2	0	0	0	0
1	3109	8	1	3	1	3	1	1	1	1
1	2978	8	2	2	2	2	0	0	0	0
1	2748	7	2	2	2	2	0	0	0	0
1	3135	8	2	2	2	2	0	0	0	0
1	2936	8	1	3	1	3	1	1	1	1
2	3034	8	2	2	2	2	0	0	0	0
2	2737	7	2	2	2	2	0	0	0	0
2	2800	7	2	3	2	3	0	1	0	1
2	3136	8	2	2	2	2	0	0	0	0
2	2806	7	2	2	2	2	0	0	0	0
2	2939	8	1	3	1	3	1	1	1	1
2	2728	7	1	3	1	3	1	1	1	1
2	3328	9	1	3	1	3	1	1	1	1
2	2880	7	1	3	3	3	1	1	0	1
2	2840	7	2	2	2	2	0	0	0	0
2	3039	8	2	2	2	2	0	0	0	0
2	2840	7	2	2	3	2	0	0	0	0
2	2971	8	2	2	2	2	0	0	0	0
2	2879	7	2	2	2	2	0	0	0	0
2	2820	7	2	3	2	3	0	1	0	1
2	3338	9	1	3	1	2	1	1	1	0
1	3345	9	1	3	1	3	1	1	1	1
1	3322	9	2	2	2	2	0	0	0	0
1	3342	9	2	2	2	2	0	0	0	0
1	3438	9	2	3	2	3	0	1	0	1
1	3494	9	1	3	1	3	1	1	1	1
1	3252	8	2	2	2	2	0	0	0	0
1	3337	9	2	2	2	2	0	0	0	0
1	3463	9	1	3	1	3	1	1	1	1
1	3336	9	1	3	1	3	1	1	1	1
1	3264	8	2	1	3	2	0	0	0	0
1	3313	9	1	3	1	3	1	1	1	1
1	3319	9	2	2	2	2	0	0	0	0
1	3055	8	2	2	2	2	0	0	0	0
1	3263	8	2	2	2	2	0	0	0	0
1	3158	8	1	3	1	3	1	1	1	1
2	3230	8	2	2	2	2	0	0	0	0
2	3329	9	1	3	1	3	1	1	1	1
2	3344	9	1	3	1	3	1	1	1	1
2	3213	8	1	3	1	1	1	1	1	0
2	3347	9	2	2	2	2	0	0	0	0
2	3279	8	2	2	2	2	0	0	0	0
2	3226	8	2	2	2	2	0	0	0	0
2	3311	9	1	3	1	3	1	1	1	1
2	3363	9	2	3	2	2	0	1	0	0
2	3321	9	2	3	2	3	0	1	0	1
2	3266	8	1	3	1	3	1	1	1	1
2	3304	9	1	3	3	3	1	1	0	1
2	3277	8	2	2	2	2	0	0	0	0
2	3336	9	1	3	1	3	1	1	1	1
2	3115	8	2	3	2	3	0	1	0	1
2	3327	9	2	2	3	2	0	0	0	0
2	3362	9	2	3	3	3	0	1	0	1
2	3129	8	2	2	2	2	0	0	0	0
1	3687	10	1	3	1	3	1	1	1	1
1	3684	10	1	3	1	3	1	1	1	1
1	3653	10	1	3	1	3	1	1	1	1
1	3636	9	2	3	2	3	0	1	0	1
1	3458	9	1	3	1	3	1	1	1	1
1	3752	10	1	3	1	3	1	1	1	1
1	3783	10	2	2	2	2	0	0	0	0
1	3761	10	2	2	2	2	0	0	0	0
2	3918	10	1	3	1	3	1	1	1	1
2	3554	9	1	3	1	3	1	1	1	1
2	3710	10	1	3	1	3	1	1	1	1
2	3586	9	1	3	1	3	1	1	1	1
2	3564	9	1	3	1	3	1	1	1	1
2	3647	9	1	3	1	3	1	1	1	1
2	3821	10	2	2	2	2	0	0	0	0
2	3603	9	2	2	3	3	0	0	0	1
2	3586	9	1	3	2	3	1	1	0	1
2	3697	10	2	2	2	2	0	0	0	0
2	3645	9	2	2	2	2	0	0	0	0
2	3850	10	1	3	1	3	1	1	1	1
1	4001	10	1	3	1	3	1	1	1	1
1	4088	11	1	3	1	2	1	1	1	0
1	4056	11	2	2	2	2	0	0	0	0
1	3896	10	1	3	1	3	1	1	1	1
1	4015	10	1	3	1	3	1	1	1	1
1	4078	11	2	2	2	2	0	0	0	0
1	4093	11	1	3	1	3	1	1	1	1
1	4041	11	2	3	1	3	0	1	1	1
1	3905	10	2	2	1	3	0	0	1	1
2	3920	10	1	3	1	3	1	1	1	1
2	3869	10	1	3	1	2	1	1	1	0
2	4018	11	1	3	1	3	1	1	1	1
2	3977	10	1	3	1	3	1	1	1	1
2	3856	10	1	3	1	3	1	1	1	1
2	4033	11	2	1	1	3	0	0	1	1
2	3894	10	1	3	1	3	1	1	1	1
2	4460	12	2	2	2	2	0	0	0	0
2	4084	11	2	2	2	2	0	0	0	0
2	3885	10	1	3	1	3	1	1	1	1
2	4116	11	1	3	1	3	1	1	1	1
2	4483	12	1	3	1	3	1	1	1	1
2	4074	11	1	3	1	2	1	1	1	0
2	3884	10	1	3	1	3	1	1	1	1
1	4192	11	1	3	1	3	1	1	1	1
1	4301	11	2	2	2	2	0	0	0	0
1	4263	11	1	3	1	3	1	1	1	1
1	4846	13	1	3	2	3	1	1	0	1
1	4465	12	1	3	1	3	1	1	1	1
1	4537	12	1	3	1	3	1	1	1	1
1	4921	13	2	3	2	3	0	1	0	1
1	4684	12	1	3	1	3	1	1	1	1
1	4495	12	1	3	1	3	1	1	1	1
1	4332	11	1	3	1	3	1	1	1	1
1	4281	11	1	3	1	3	1	1	1	1
1	4246	11	1	3	1	3	1	1	1	1
2	4263	11	1	3	1	3	1	1	1	1
2	4593	12	1	3	1	3	1	1	1	1
2	4386	12	1	3	1	3	1	1	1	1
2	4353	11	1	3	1	3	1	1	1	1
2	4539	12	1	3	1	3	1	1	1	1
2	4377	11	1	3	1	3	1	1	1	1
2	4269	11	1	2	1	3	1	0	1	1
2	4678	12	1	3	1	3	1	1	1	1
2	4334	11	2	2	2	3	0	0	0	1
2	4286	11	1	3	1	3	1	1	1	1
2	4630	12	1	3	1	3	1	1	1	1
2	4391	12	1	3	1	3	1	1	1	1
2	4448	12	1	3	1	3	1	1	1	1
2	4501	12	1	3	1	3	1	1	1	1
2	4214	11	1	3	1	3	1	1	1	1
1	3639	9	1	3	1	3	1	1	1	1
1	3358	9	1	3	1	3	1	1	1	1
1	3326	9	2	2	2	2	0	0	0	0
1	3247	8	2	2	2	2	0	0	0	0
1	3367	9	1	3	1	3	1	1	1	1
1	3206	8	1	3	1	3	1	1	1	1
1	3382	9	2	2	2	2	0	0	0	0
1	3457	9	2	2	2	2	0	0	0	0
1	3740	10	2	2	2	3	0	0	0	1
1	3256	8	1	3	1	3	1	1	1	1
1	3398	9	1	3	1	3	1	1	1	1
2	3590	9	1	3	1	3	1	1	1	1
2	3288	9	1	3	1	3	1	1	1	1
2	3387	9	2	2	2	2	0	0	0	0
2	3343	9	2	2	2	2	0	0	0	0
2	3153	8	2	2	2	2	0	0	0	0
2	3484	9	1	3	1	3	1	1	1	1
2	3428	9	1	3	1	3	1	1	1	1
2	3570	9	1	3	1	3	1	1	1	1
2	3240	8	1	1	1	3	1	0	1	1
2	3407	9	2	2	2	2	0	0	0	0
1	3309	9	2	3	2	3	0	1	0	1
1	3051	8	2	2	2	2	0	0	0	0
1	2895	7	2	2	2	2	0	0	0	0
1	2927	8	2	2	2	2	0	0	0	0
1	2811	7	2	2	2	2	0	0	0	0
1	2776	7	2	2	2	2	0	0	0	0
1	2730	7	2	2	2	2	0	0	0	0
1	3077	8	2	2	2	2	0	0	0	0
1	3432	9	1	2	2	2	1	0	0	0
1	2888	7	2	2	2	2	0	0	0	0
1	3092	8	2	2	2	2	0	0	0	0
1	2856	7	2	2	2	3	0	0	0	1
1	3003	8	2	2	2	2	0	0	0	0
1	2891	7	2	2	2	2	0	0	0	0
1	3008	8	2	2	2	2	0	0	0	0
1	2757	7	2	3	1	3	0	1	1	1
2	3041	8	2	2	2	2	0	0	0	0
2	3133	8	2	2	2	2	0	0	0	0
2	3052	8	2	2	2	2	0	0	0	0
2	2759	7	1	3	1	3	1	1	1	1
2	3063	8	2	2	2	2	0	0	0	0
2	2905	7	2	2	2	2	0	0	0	0
2	2846	7	2	2	2	2	0	0	0	0
2	3213	8	2	2	2	2	0	0	0	0
1	4086	11	1	3	1	3	1	1	1	1
1	3933	10	2	2	2	2	0	0	0	0
1	4219	11	1	2	1	3	1	0	1	1
1	3828	10	1	3	1	3	1	1	1	1
1	4278	11	2	2	2	2	0	0	0	0
1	3976	10	1	3	1	3	1	1	1	1
1	3912	10	1	3	1	3	1	1	1	1
1	3952	10	1	3	1	3	1	1	1	1
1	4222	11	1	2	1	2	1	0	1	0
1	4315	11	2	3	1	3	0	1	1	1
1	4337	11	2	2	2	2	0	0	0	0
1	4199	11	1	3	1	3	1	1	1	1
1	3919	10	1	3	1	3	1	1	1	1
1	4093	11	2	2	2	2	0	0	0	0
1	4385	12	2	2	2	2	0	0	0	0
2	3839	10	2	2	2	2	0	0	0	0
2	3827	10	1	3	1	3	1	1	1	1
2	4306	11	2	3	2	2	0	1	0	0
2	4443	12	2	2	2	3	0	0	0	1
2	4008	10	1	3	1	1	1	1	1	0
2	4170	11	1	3	1	3	1	1	1	1
2	4429	12	1	3	1	3	1	1	1	1
2	4187	11	2	2	2	2	0	0	0	0
2	4118	11	1	3	1	3	1	1	1	1
2	4256	11	2	2	2	2	0	0	0	0
2	4036	11	1	3	1	3	1	1	1	1
2	3984	10	2	2	2	2	0	0	0	0
1	2968	8	2	2	2	2	0	0	0	0
1	2449	6	2	2	2	2	0	0	0	0
1	2444	6	2	2	2	2	0	0	0	0
1	2802	7	2	2	2	2	0	0	0	0
1	2698	7	2	2	2	2	0	0	0	0
1	2501	6	2	2	2	2	0	0	0	0
1	2746	7	2	2	2	2	0	0	0	0
1	2483	6	2	2	2	2	0	0	0	0
1	2958	8	2	2	2	2	0	0	0	0
1	2342	6	2	2	2	2	0	0	0	0
1	2525	6	2	2	2	2	0	0	0	0
2	2639	7	2	2	2	2	0	0	0	0
2	2644	7	2	2	2	2	0	0	0	0
2	2515	6	2	2	2	2	0	0	0	0
2	2573	7	2	2	2	2	0	0	0	0
2	2568	7	2	2	2	2	0	0	0	0
2	2509	6	2	2	2	2	0	0	0	0
2	2539	6	2	2	2	2	0	0	0	0
2	2630	7	2	2	2	2	0	0	0	0
2	2669	7	2	2	2	2	0	0	0	0
2	2701	7	2	2	2	2	0	0	0	0
2	2597	7	2	2	2	2	0	0	0	0
2	2646	7	2	2	2	2	0	0	0	0
2	4812	13	2	2	2	2	0	0	0	0
1	3707	10	3	1	3	1	0	0	0	0
1	4529	12	1	3	1	3	1	1	1	1
1	4640	12	2	3	1	3	0	1	1	1
1	4364	11	2	2	2	2	0	0	0	0
1	4440	12	2	2	2	2	0	0	0	0
1	4291	11	1	3	3	3	1	1	0	1
1	4178	11	2	2	2	2	0	0	0	0
1	4331	11	1	2	1	3	1	0	1	1
2	4502	12	3	1	3	1	0	0	0	0
2	4209	11	2	2	3	2	0	0	0	0
2	4569	12	2	2	1	3	0	0	1	1
2	4488	12	2	2	1	2	0	0	1	0
2	4261	11	1	3	1	3	1	1	1	1
2	4415	12	3	1	3	1	0	0	0	0
2	4328	11	3	1	3	1	0	0	0	0
2	4516	12	1	3	1	3	1	1	1	1
2	4399	12	2	2	1	2	0	0	1	0
2	4364	11	3	3	3	1	0	1	0	0
2	4399	12	2	2	2	2	0	0	0	0
1	3717	10	1	3	1	3	1	1	1	1
1	3934	10	1	2	1	3	1	0	1	1
1	3718	10	2	3	1	3	0	1	1	1
1	4094	11	2	2	2	2	0	0	0	0
1	3862	10	1	3	1	3	1	1	1	1
1	3644	9	1	3	1	3	1	1	1	1
1	3589	9	2	2	2	2	0	0	0	0
1	3591	9	2	2	2	3	0	0	0	1
1	3723	10	1	3	1	3	1	1	1	1
2	3731	10	1	3	1	3	1	1	1	1
2	3626	9	2	2	2	2	0	0	0	0
2	3645	9	1	3	1	3	1	1	1	1
2	3609	9	2	3	1	3	0	1	1	1
2	3937	10	2	2	2	2	0	0	0	0
2	3543	9	2	2	2	2	0	0	0	0
2	4022	11	1	3	1	3	1	1	1	1
2	3472	9	1	3	1	3	1	1	1	1
2	3938	10	1	1	1	3	1	0	1	1
2	3506	9	1	3	1	3	1	1	1	1
2	3776	10	1	3	1	3	1	1	1	1
2	3575	9	2	3	1	3	0	1	1	1
2	3918	10	1	3	1	3	1	1	1	1
2	4355	11	1	3	1	3	1	1	1	1
2	3691	10	1	3	1	3	1	1	1	1
1	3805	10	1	3	1	3	1	1	1	1
1	3851	10	2	2	2	2	0	0	0	0
1	3616	9	2	2	2	2	0	0	0	0
1	3908	10	2	2	2	2	0	0	0	0
1	3513	9	1	3	1	3	1	1	1	1
1	3941	10	2	2	2	2	0	0	0	0
1	3911	10	1	3	1	3	1	1	1	1
1	3638	9	2	2	2	2	0	0	0	0
1	3767	10	2	2	1	3	0	0	1	1
1	3839	10	1	3	1	3	1	1	1	1
1	3346	9	3	3	2	3	0	1	0	1
1	3764	10	1	3	1	3	1	1	1	1
2	3761	10	1	2	2	2	1	0	0	0
2	3593	9	2	2	2	2	0	0	0	0
2	3897	10	2	2	2	2	0	0	0	0
2	3569	9	1	3	1	3	1	1	1	1
2	3543	9	2	2	2	2	0	0	0	0
2	3471	9	1	3	2	3	1	1	0	1
2	3586	9	2	2	2	2	0	0	0	0
2	3695	10	2	2	2	2	0	0	0	0
2	3848	10	2	2	3	2	0	0	0	0
2	3730	10	2	2	2	2	0	0	0	0
2	4022	11	1	3	2	2	1	1	0	0
2	3781	10	1	3	1	3	1	1	1	1
2	3697	10	2	2	2	2	0	0	0	0
2	3942	10	2	3	2	2	0	1	0	0
2	3894	10	1	3	1	3	1	1	1	1
1	4326	11	2	2	2	2	0	0	0	0
1	4451	12	2	2	2	2	0	0	0	0
1	4435	12	2	2	2	2	0	0	0	0
1	4145	11	1	3	1	3	1	1	1	1
1	3844	10	1	3	1	3	1	1	1	1
1	3871	10	2	2	2	2	0	0	0	0
1	3827	10	1	3	1	3	1	1	1	1
1	4220	11	2	3	1	3	0	1	1	1
1	3968	10	1	3	2	3	1	1	0	1
1	4317	11	2	2	2	2	0	0	0	0
1	4054	11	3	2	2	3	0	0	0	1
1	4285	11	1	3	2	3	1	1	0	1
2	3963	10	1	3	1	3	1	1	1	1
2	3827	10	1	3	1	3	1	1	1	1
2	4053	11	2	3	1	3	0	1	1	1
2	5003	13	2	2	2	3	0	0	0	1
2	3925	10	1	3	1	3	1	1	1	1
2	4196	11	1	2	2	3	1	0	0	1
2	3996	10	1	3	1	3	1	1	1	1
2	4108	11	1	3	1	3	1	1	1	1
2	4100	11	2	2	2	2	0	0	0	0
2	4004	10	2	2	2	2	0	0	0	0
2	3891	10	1	3	1	3	1	1	1	1
2	3844	10	2	2	2	2	0	0	0	0
2	3946	10	1	3	3	3	1	1	0	1
2	3861	10	1	3	1	3	1	1	1	1
2	4240	11	1	3	1	3	1	1	1	1
2	3946	10	1	3	1	3	1	1	1	1
2	4348	11	1	3	2	3	1	1	0	1
1	4394	12	2	2	1	2	0	0	1	0
1	4397	12	2	3	1	3	0	1	1	1
1	4438	12	2	3	1	3	0	1	1	1
1	4860	13	1	3	1	3	1	1	1	1
1	4636	12	1	1	1	3	1	0	1	1
1	4491	12	1	3	1	3	1	1	1	1
1	4205	11	1	3	1	3	1	1	1	1
1	4597	12	1	3	1	3	1	1	1	1
1	4227	11	1	3	1	3	1	1	1	1
1	4552	12	1	3	1	3	1	1	1	1
1	4370	11	1	3	1	3	1	1	1	1
1	4334	11	1	2	2	3	1	0	0	1
1	4661	12	1	3	2	3	1	1	0	1
1	4302	11	1	3	1	3	1	1	1	1
2	4234	11	1	3	1	3	1	1	1	1
2	4537	12	1	3	1	3	1	1	1	1
2	4413	12	1	3	1	3	1	1	1	1
1	4533	12	2	3	1	3	0	1	1	1
2	4172	11	1	3	1	3	1	1	1	1
2	4334	11	2	2	3	2	0	0	0	0
2	4392	12	2	2	2	2	0	0	0	0
2	4568	12	1	3	2	3	1	1	0	1
2	4634	12	3	3	1	3	0	1	1	1
2	4555	12	3	3	1	3	0	1	1	1
2	4438	12	2	2	2	2	0	0	0	0
2	4819	13	1	3	1	3	1	1	1	1
1	3295	9	2	2	2	2	0	0	0	0
1	2988	8	2	2	2	2	0	0	0	0
1	2856	7	2	2	2	2	0	0	0	0
1	3052	8	2	2	2	2	0	0	0	0
1	3007	8	2	2	2	2	0	0	0	0
1	2979	8	2	3	3	2	0	1	0	0
1	2926	8	2	3	2	2	0	1	0	0
2	3045	8	1	3	1	3	1	1	1	1
2	2769	7	2	2	2	2	0	0	0	0
2	3210	8	2	2	2	2	0	0	0	0
2	3487	9	2	2	2	2	0	0	0	0
1	3121	8	2	2	2	2	0	0	0	0
2	3521	9	2	2	2	1	0	0	0	0
1	3932	10	1	2	1	3	1	0	1	1
2	3625	9	2	2	2	2	0	0	0	0
2	3695	10	2	2	2	2	0	0	0	0
1	4790	13	1	3	1	3	1	1	1	1
1	4861	13	1	3	1	3	1	1	1	1
1	4690	12	1	3	1	3	1	1	1	1
1	4768	13	1	3	1	3	1	1	1	1
1	4659	12	1	3	1	3	1	1	1	1
1	4658	12	3	1	3	1	0	0	0	0
1	4937	13	1	3	2	3	1	1	0	1
1	4766	13	1	3	1	3	1	1	1	1
1	4691	12	1	3	1	3	1	1	1	1
1	4601	12	1	3	1	3	1	1	1	1
1	4631	12	1	3	1	3	1	1	1	1
1	4592	12	1	3	1	3	1	1	1	1
1	4619	12	1	3	1	3	1	1	1	1
1	4826	13	1	3	1	3	1	1	1	1
1	4844	13	1	3	1	3	1	1	1	1
1	4876	13	1	3	1	3	1	1	1	1
1	4533	12	1	3	1	3	1	1	1	1
1	4797	13	1	3	1	3	1	1	1	1
1	4644	12	1	3	1	3	1	1	1	1
1	4757	13	1	3	1	3	1	1	1	1
2	4605	12	1	3	1	3	1	1	1	1
2	4880	13	1	3	1	3	1	1	1	1
2	4844	13	1	3	1	3	1	1	1	1
2	4578	12	1	3	1	3	1	1	1	1
2	4698	12	1	3	1	3	1	1	1	1
2	4671	12	1	3	1	3	1	1	1	1
2	4672	12	2	2	2	2	0	0	0	0
2	4961	13	1	3	1	2	1	1	1	0
2	4538	12	1	3	1	3	1	1	1	1
2	4793	13	1	3	1	3	1	1	1	1
2	4722	12	1	3	1	3	1	1	1	1
2	4871	13	1	3	1	3	1	1	1	1
2	4931	13	2	3	1	3	0	1	1	1
2	4876	13	1	3	1	3	1	1	1	1
2	4346	11	1	3	1	3	1	1	1	1
2	4828	13	1	3	2	3	1	1	0	1
2	4333	11	1	2	3	3	1	0	0	1
2	4661	12	1	3	1	3	1	1	1	1
2	4687	12	1	3	1	3	1	1	1	1
1	5610	15	1	3	1	3	1	1	1	1
1	5955	16	1	3	1	3	1	1	1	1
1	5364	14	1	3	1	3	1	1	1	1
1	5408	14	1	3	1	3	1	1	1	1
1	5639	15	1	3	1	3	1	1	1	1
1	5556	15	1	3	1	3	1	1	1	1
1	5577	15	1	3	1	3	1	1	1	1
1	5563	15	1	3	1	3	1	1	1	1
1	5733	15	1	3	1	3	1	1	1	1
1	5332	14	1	3	1	3	1	1	1	1
1	5283	14	1	3	1	3	1	1	1	1
1	5305	14	1	3	1	3	1	1	1	1
1	5940	16	1	3	1	3	1	1	1	1
1	5812	15	1	3	1	3	1	1	1	1
2	5375	14	1	3	1	3	1	1	1	1
2	5311	14	1	3	1	3	1	1	1	1
2	5991	16	1	3	1	3	1	1	1	1
2	5496	15	1	3	1	3	1	1	1	1
2	5481	15	1	3	1	3	1	1	1	1
2	5447	14	1	3	1	3	1	1	1	1
2	5599	15	1	3	1	3	1	1	1	1
2	5527	15	1	3	1	3	1	1	1	1
2	5532	15	1	3	1	3	1	1	1	1
2	5467	14	1	3	1	3	1	1	1	1
2	5931	16	1	3	1	3	1	1	1	1
2	5539	15	1	3	1	3	1	1	1	1
1	5448	14	1	3	1	3	1	1	1	1
1	5567	15	1	3	1	3	1	1	1	1
1	5599	15	1	3	1	3	1	1	1	1
1	5572	15	1	3	1	3	1	1	1	1
1	6009	16	1	3	1	3	1	1	1	1
1	5344	14	1	3	1	3	1	1	1	1
1	5350	14	1	3	1	3	1	1	1	1
1	5639	15	1	3	1	3	1	1	1	1
1	5571	15	1	3	1	3	1	1	1	1
1	5623	15	1	3	1	3	1	1	1	1
1	5794	15	1	3	1	3	1	1	1	1
1	5579	15	1	3	1	3	1	1	1	1
2	5893	16	1	3	1	3	1	1	1	1
2	5517	15	1	3	1	3	1	1	1	1
2	5712	15	1	3	1	3	1	1	1	1
2	5600	15	1	3	1	3	1	1	1	1
2	5540	15	1	3	1	3	1	1	1	1
2	5687	15	1	3	1	3	1	1	1	1
2	5582	15	1	3	1	2	1	1	1	0
2	5458	14	1	2	1	3	1	0	1	1
2	5878	16	1	3	1	3	1	1	1	1
2	5785	15	1	2	1	3	1	0	1	1
2	5506	15	1	3	1	3	1	1	1	1
1	5465	14	1	3	1	3	1	1	1	1
1	5624	15	1	3	1	3	1	1	1	1
1	5517	15	1	3	1	3	1	1	1	1
1	5815	15	1	3	1	3	1	1	1	1
1	5755	15	1	3	1	3	1	1	1	1
1	5602	15	1	2	1	3	1	0	1	1
1	5337	14	1	3	1	3	1	1	1	1
1	6173	16	1	3	1	3	1	1	1	1
2	5364	14	1	2	1	3	1	0	1	1
2	5304	14	1	3	1	3	1	1	1	1
2	5457	14	1	3	1	3	1	1	1	1
2	5600	15	1	3	1	3	1	1	1	1
2	5781	15	1	3	1	3	1	1	1	1
2	5474	14	1	3	1	3	1	1	1	1
2	5317	14	1	3	1	3	1	1	1	1
2	5478	14	1	3	1	3	1	1	1	1
2	5440	14	1	3	1	3	1	1	1	1
2	5530	15	1	3	1	3	1	1	1	1
2	5474	14	1	3	1	3	1	1	1	1
2	5602	15	1	3	1	3	1	1	1	1
2	5451	14	1	3	3	1	1	1	0	0
2	5481	15	1	3	1	3	1	1	1	1
2	5319	14	1	3	1	3	1	1	1	1
2	5618	15	1	3	1	3	1	1	1	1
2	5123	14	1	3	1	3	1	1	1	1
2	5981	16	1	3	1	3	1	1	1	1
2	5328	14	1	3	1	3	1	1	1	1
2	5348	14	1	3	1	3	1	1	1	1
2	5309	14	1	3	1	3	1	1	1	1
2	5395	14	1	3	1	3	1	1	1	1
1	5507	15	1	3	1	3	1	1	1	1
1	5602	15	1	3	1	3	1	1	1	1
1	5457	14	1	3	1	3	1	1	1	1
1	5566	15	1	3	1	3	1	1	1	1
1	5276	14	1	3	1	3	1	1	1	1
1	5331	14	1	3	1	3	1	1	1	1
1	5089	13	1	3	1	3	1	1	1	1
1	5916	16	1	3	1	3	1	1	1	1
1	4926	13	1	3	1	3	1	1	1	1
1	5372	14	1	3	1	3	1	1	1	1
1	5203	14	1	3	1	3	1	1	1	1
1	5039	13	1	3	1	3	1	1	1	1
1	5172	14	1	3	1	2	1	1	1	0
1	5226	14	1	3	1	3	1	1	1	1
1	5501	15	1	3	1	3	1	1	1	1
1	5138	14	1	3	1	3	1	1	1	1
1	5247	14	1	3	1	3	1	1	1	1
1	5115	14	1	3	1	3	1	1	1	1
1	5062	13	1	3	1	3	1	1	1	1
1	5241	14	1	3	1	3	1	1	1	1
1	5173	14	1	3	1	3	1	1	1	1
1	5143	14	1	3	1	3	1	1	1	1
1	5211	14	1	3	1	3	1	1	1	1
1	5048	13	1	3	1	3	1	1	1	1
1	4924	13	1	3	1	3	1	1	1	1
1	5284	14	1	3	1	3	1	1	1	1
1	5104	13	1	3	1	3	1	1	1	1
1	5150	14	1	3	1	3	1	1	1	1
2	5132	14	1	3	1	3	1	1	1	1
2	5100	13	1	3	1	3	1	1	1	1
2	5546	15	1	3	1	3	1	1	1	1
2	5250	14	1	3	1	3	1	1	1	1
2	5168	14	1	3	1	3	1	1	1	1
2	4968	13	1	3	1	3	1	1	1	1
2	5134	14	1	3	1	3	1	1	1	1
2	5000	13	1	3	1	3	1	1	1	1
2	5240	14	1	3	1	3	1	1	1	1
2	5130	14	1	3	1	3	1	1	1	1
2	4937	13	1	3	1	3	1	1	1	1
2	5255	14	1	3	1	3	1	1	1	1
2	5134	14	1	3	1	3	1	1	1	1
2	4926	13	1	3	1	3	1	1	1	1
2	5141	14	1	3	1	3	1	1	1	1
2	5057	13	1	3	1	3	1	1	1	1
2	5075	13	1	3	1	3	1	1	1	1
2	5042	13	1	3	1	3	1	1	1	1
1	6731	18	1	3	1	3	1	1	1	1
1	6386	17	1	3	1	3	1	1	1	1
1	6760	18	3	3	2	1	0	1	0	0
1	5706	15	1	3	1	3	1	1	1	1
1	6282	17	1	3	1	3	1	1	1	1
1	6150	16	1	3	1	3	1	1	1	1
1	6400	17	1	3	1	3	1	1	1	1
1	6342	17	2	2	1	2	0	0	1	0
1	6084	16	1	3	1	3	1	1	1	1
1	5991	16	1	3	1	3	1	1	1	1
1	5898	16	1	3	1	3	1	1	1	1
1	6646	18	1	3	1	3	1	1	1	1
1	5966	16	1	3	1	3	1	1	1	1
1	6406	17	1	3	1	3	1	1	1	1
2	6542	17	1	3	2	3	1	1	0	1
2	5941	16	1	3	1	3	1	1	1	1
2	6683	18	1	3	1	3	1	1	1	1
2	5676	15	1	3	1	3	1	1	1	1
2	5802	15	1	3	1	3	1	1	1	1
2	5762	15	1	3	1	3	1	1	1	1
2	5874	16	1	3	1	3	1	1	1	1
2	6252	17	1	3	1	3	1	1	1	1
2	5783	15	1	3	1	3	1	1	1	1
2	6184	16	1	3	1	3	1	1	1	1
2	6244	17	1	3	1	3	1	1	1	1
2	6374	17	1	3	1	3	1	1	1	1
2	6264	17	1	3	1	3	1	1	1	1
2	5792	15	1	3	1	3	1	1	1	1
2	6280	17	1	3	1	3	1	1	1	1
2	6193	16	1	3	1	3	1	1	1	1
2	6199	16	1	3	1	3	1	1	1	1
2	5879	16	1	3	1	3	1	1	1	1
2	5691	15	1	3	1	3	1	1	1	1
2	5770	15	1	3	1	3	1	1	1	1
2	5682	15	1	3	1	3	1	1	1	1
2	6165	16	1	3	1	3	1	1	1	1
2	7224	19	1	3	2	2	1	1	0	0
1	6341	17	1	3	1	3	1	1	1	1
1	6337	17	1	3	1	3	1	1	1	1
1	6386	17	1	3	1	3	1	1	1	1
1	6650	18	1	3	1	3	1	1	1	1
1	6173	16	1	3	1	3	1	1	1	1
1	6389	17	1	3	1	3	1	1	1	1
1	6629	18	1	3	1	3	1	1	1	1
1	6159	16	1	3	3	3	1	1	0	1
1	6347	17	1	3	1	3	1	1	1	1
1	6313	17	1	3	1	3	1	1	1	1
1	6331	17	1	3	1	3	1	1	1	1
1	6672	18	1	3	1	3	1	1	1	1
1	6089	16	1	3	1	3	1	1	1	1
1	6045	16	1	3	1	3	1	1	1	1
1	6357	17	1	3	1	3	1	1	1	1
1	6120	16	1	3	1	3	1	1	1	1
1	6298	17	1	3	1	3	1	1	1	1
1	6108	16	1	2	1	3	1	0	1	1
1	6699	18	1	3	1	3	1	1	1	1
1	6658	18	1	3	1	3	1	1	1	1
1	6538	17	1	3	1	3	1	1	1	1
1	6389	17	1	3	1	3	1	1	1	1
1	7204	19	3	1	3	1	0	0	0	0
2	6321	17	1	3	1	3	1	1	1	1
2	6062	16	1	3	1	3	1	1	1	1
2	6499	17	1	3	1	3	1	1	1	1
2	6637	18	1	3	1	3	1	1	1	1
2	6177	16	1	3	1	3	1	1	1	1
2	6164	16	1	3	1	3	1	1	1	1
2	6291	17	1	3	1	3	1	1	1	1
2	6168	16	1	3	1	3	1	1	1	1
2	6982	19	1	3	1	3	1	1	1	1
2	6423	17	1	3	1	3	1	1	1	1
2	6586	18	2	3	1	3	0	1	1	1
2	6110	16	1	3	1	3	1	1	1	1
2	6844	18	1	3	1	3	1	1	1	1
2	6257	17	1	3	1	3	1	1	1	1
2	6239	17	1	3	2	3	1	1	0	1
2	6115	16	1	3	1	3	1	1	1	1
1	5334	14	1	3	1	3	1	1	1	1
1	4944	13	1	3	1	3	1	1	1	1
1	4858	13	1	3	1	3	1	1	1	1
1	4955	13	1	3	1	3	1	1	1	1
1	4804	13	1	3	1	3	1	1	1	1
1	4893	13	1	3	1	3	1	1	1	1
1	4810	13	1	3	1	3	1	1	1	1
1	4812	13	1	3	1	3	1	1	1	1
1	4809	13	1	3	1	3	1	1	1	1
1	4904	13	1	3	1	3	1	1	1	1
1	4789	13	1	3	1	3	1	1	1	1
1	4702	12	1	3	1	3	1	1	1	1
1	4858	13	1	3	1	3	1	1	1	1
1	5039	13	2	2	2	2	0	0	0	0
1	4809	13	1	3	1	3	1	1	1	1
1	4764	13	1	2	2	2	1	0	0	0
2	4789	13	2	2	2	2	0	0	0	0
2	4786	13	1	3	1	3	1	1	1	1
2	4592	12	1	3	1	3	1	1	1	1
2	4698	12	1	3	1	3	1	1	1	1
2	4553	12	1	3	1	3	1	1	1	1
2	4844	13	1	3	1	3	1	1	1	1
2	4647	12	2	2	2	2	0	0	0	0
2	4906	13	1	3	1	3	1	1	1	1
2	4836	13	1	3	1	3	1	1	1	1
2	4757	13	1	3	1	3	1	1	1	1
2	4740	12	1	3	1	3	1	1	1	1
2	4823	13	2	2	2	2	0	0	0	0
2	4988	13	1	3	1	3	1	1	1	1
2	4790	13	2	3	2	3	0	1	0	1
2	4683	12	2	2	2	3	0	0	0	1
2	4742	12	1	3	1	3	1	1	1	1
2	5198	14	2	2	2	2	0	0	0	0
2	4791	13	2	2	2	2	0	0	0	0
1	5365	14	1	3	1	3	1	1	1	1
1	5399	14	1	3	2	3	1	1	0	1
1	5154	14	1	3	1	3	1	1	1	1
1	4996	13	1	3	1	3	1	1	1	1
1	5007	13	1	3	1	3	1	1	1	1
1	5047	13	1	3	1	3	1	1	1	1
1	5408	14	3	1	3	1	0	0	0	0
1	5126	14	1	2	2	2	1	0	0	0
1	5130	14	1	3	1	3	1	1	1	1
1	5030	13	3	1	1	2	0	0	1	0
1	5151	14	1	3	1	3	1	1	1	1
1	5009	13	2	3	2	3	0	1	0	1
2	5321	14	2	2	2	2	0	0	0	0
2	5370	14	1	3	1	3	1	1	1	1
2	5248	14	1	3	1	3	1	1	1	1
2	5416	14	2	3	1	3	0	1	1	1
1	5298	14	1	2	1	2	1	0	1	0
1	5472	14	1	3	1	3	1	1	1	1
1	5440	14	1	3	1	3	1	1	1	1
1	5373	14	1	3	1	3	1	1	1	1
1	6104	16	1	3	1	3	1	1	1	1
1	5818	15	1	3	1	3	1	1	1	1
1	5716	15	1	3	1	3	1	1	1	1
1	5750	15	1	3	1	3	1	1	1	1
1	5789	15	2	3	1	3	0	1	1	1
1	6571	17	1	3	1	3	1	1	1	1
1	5931	16	1	3	1	3	1	1	1	1
1	6048	16	1	3	1	3	1	1	1	1
1	5649	15	1	3	1	3	1	1	1	1
2	5336	14	1	3	1	3	1	1	1	1
2	5654	15	1	3	1	3	1	1	1	1
2	5360	14	1	3	1	3	1	1	1	1
2	6096	16	1	3	1	3	1	1	1	1
2	5865	16	1	3	1	3	1	1	1	1
2	5736	15	1	3	1	3	1	1	1	1
2	5454	14	1	3	1	3	1	1	1	1
2	5705	15	1	3	1	3	1	1	1	1
2	5622	15	1	3	1	3	1	1	1	1
2	5759	15	1	3	1	3	1	1	1	1
2	5689	15	1	3	1	3	1	1	1	1
1	5871	16	1	3	1	3	1	1	1	1
1	5905	16	1	3	1	3	1	1	1	1
1	5857	16	1	3	1	3	1	1	1	1
1	5713	15	1	1	1	2	1	0	1	0
1	6270	17	1	3	1	3	1	1	1	1
1	5945	16	1	3	1	3	1	1	1	1
1	5863	16	2	3	1	3	0	1	1	1
1	5924	16	2	2	2	2	0	0	0	0
1	5686	15	2	2	2	2	0	0	0	0
1	5926	16	1	3	1	3	1	1	1	1
1	6384	17	1	3	1	3	1	1	1	1
1	5803	15	2	2	2	2	0	0	0	0
2	5724	15	1	3	1	3	1	1	1	1
2	5920	16	1	3	1	3	1	1	1	1
2	6126	16	1	3	1	3	1	1	1	1
2	5812	15	1	3	1	3	1	1	1	1
2	6570	17	1	3	2	3	1	1	0	1
2	5963	16	1	3	1	3	1	1	1	1
2	6362	17	1	3	1	3	1	1	1	1
2	5480	15	2	2	2	2	0	0	0	0
2	6463	17	2	2	2	2	0	0	0	0
2	6017	16	1	3	1	2	1	1	1	0
2	6020	16	1	3	1	3	1	1	1	1
2	5741	15	1	3	1	3	1	1	1	1
2	6008	16	2	2	2	2	0	0	0	0
2	5893	16	1	3	1	2	1	1	1	0
2	5907	16	1	3	1	3	1	1	1	1
1	4052	11	1	3	1	3	1	1	1	1
2	3846	10	1	3	1	3	1	1	1	1
2	4461	12	1	3	1	3	1	1	1	1
